.14
.14
.14
.14
.18
3.22
4
4
4
4
4
4
4.14
5.16
6
8
9.62
9.82
9.86
10
14
15.02
15.8
18
18
18.78
19.78
21.14
21.56
21.62
22.2
23.06
24.7
28
28.18
30.8
52
54.44
60
62
62.9
82.3
84.82
98
108.34
130
134.6
134.64
139.62
145.12
147.88
153.62
161.28
167.88
181.02
189.56
202.64
213.6
214.66
215.2
216.6
216.86
263.02
290.26
298.36
350.6
384.78
414.58
533.02
590.26
609.76
619
626.42
713.26
718.94
1135.58
1147.72
1299.66
1403.64
1569.78
2336.56
2680.58
2757.42
3101.42
8360.4
10582
23661.26
25636.22
28639.52
84445.62
130301.88
139344.72
